2 1 0 0.7 0.5 0 7.5098e-322 0.385227 0.449973 156.268 7.5098e-322 0.385227 0.449973 156.268 0 0 0 0 0 0 0 0 
1 1 0 0.704 0.5 0 -6.0276e-322 0.385227 0.449973 156.268 -6.0276e-322 0.385227 0.449973 156.268 0.964654 0 0.945852 0 0.935499 0 0.309328 0 
1 1 0 0.708 0.5 0 -5.63235e-322 0.385227 0.449973 156.268 -5.63235e-322 0.385227 0.449973 156.268 0.964654 0 0.945852 0 0.935499 0 0.309328 0 
1 1 0 0.716 0.5 0 -6.17582e-322 0.385227 0.449973 156.268 -6.17582e-322 0.385227 0.449973 156.268 0.964654 0 0.945852 0 0.935499 0 0.309328 0 
1 1 0 0.726 0.5 0 -8.79437e-322 0.385227 0.449973 156.268 -8.79437e-322 0.385227 0.449973 156.268 0.964654 0 0.945852 0 0.935499 0 0.309328 0 
1 1 0 0.736 0.5 0 6.42285e-322 0.385227 0.449973 156.268 6.42285e-322 0.385227 0.449973 156.268 0.309328 0 0.945852 0 0.964654 0 0.935499 0 
1 1 0 0.746 0.5 0 6.62048e-322 0.385227 0.449973 156.268 6.62048e-322 0.385227 0.449973 156.268 0.964654 0 0.945852 0 0.935499 0 0.309328 0 
1 1 0 0.756 0.5 0 8.69556e-322 0.385227 0.449973 156.268 8.69556e-322 0.385227 0.449973 156.268 0.309328 0 0.945852 0 0.964654 0 0.935499 0 
1 1 0 0.766 0.5 0 -7.31217e-322 0.385227 0.449973 156.268 -7.31217e-322 0.385227 0.449973 156.268 0.309328 0 0.945852 0 0.964654 0 0.935499 0 
1 1 0 0.776 0.5 0 -8.74496e-322 0.385227 0.449973 156.268 -8.74496e-322 0.385227 0.449973 156.268 0.964654 0 0.945852 0 0.935499 0 0.309328 0 
1 1 0 0.786 0.5 0 8.05327e-322 0.385227 0.449973 156.268 8.05327e-322 0.385227 0.449973 156.268 0.964654 0 0.945852 0 0.935499 0 0.309328 0 
1 1 0 0.796 0.5 0 -1.0326e-321 0.385227 0.449973 156.268 -1.0326e-321 0.385227 0.449973 156.268 0.964654 0 0.945852 0 0.935499 0 0.309328 0 
1 1 0 0.806 0.5 0 5.43472e-322 0.385227 0.449973 156.268 5.43472e-322 0.385227 0.449973 156.268 0.964654 0 0.945852 0 0.935499 0 0.309328 0 
1 1 0 0.816 0.5 0 6.0276e-322 0.385227 0.449973 156.268 6.0276e-322 0.385227 0.449973 156.268 0.964654 0 0.945852 0 0.935499 0 0.309328 0 
1 1 0 0.826 0.5 0 8.44852e-322 0.385227 0.449973 156.268 8.44852e-322 0.385227 0.449973 156.268 0.964654 0 0.945852 0 0.935499 0 0.309328 0 
1 1 0 0.836 0.5 0 -7.16395e-322 0.385227 0.449973 156.268 -7.16395e-322 0.385227 0.449973 156.268 0.964654 0 0.945852 0 0.935499 0 0.309328 0 
1 1 0 0.846 0.5 0 -8.05327e-322 0.385227 0.449973 156.268 -8.05327e-322 0.385227 0.449973 156.268 0.964654 0 0.945852 0 0.935499 0 0.309328 0 
1 1 0 0.856 0.5 0 9.68369e-322 0.385227 0.449973 156.268 9.68369e-322 0.385227 0.449973 156.268 0.964654 0 0.945852 0 0.935499 0 0.309328 0 
1 1 0 0.866 0.5 0 -7.01573e-322 0.385227 0.449973 156.268 -7.01573e-322 0.385227 0.449973 156.268 0.964654 0 0.945852 0 0.935499 0 0.309328 0 
1 1 0 0.876 0.5 0 -9.28843e-322 0.385227 0.449973 156.268 -9.28843e-322 0.385227 0.449973 156.268 0.309328 0 0.945852 0 0.964654 0 0.935499 0 
1 1 0 0.886 0.5 0 6.27463e-322 0.385227 0.449973 156.268 6.27463e-322 0.385227 0.449973 156.268 0.964654 0 0.945852 0 0.935499 0 0.309328 0 
1 1 0 0.896 0.5 0 6.86751e-322 0.385227 0.449973 156.268 6.86751e-322 0.385227 0.449973 156.268 0.964654 0 0.945852 0 0.935499 0 0.309328 0 
1 1 0 0.906 0.5 0 9.58487e-322 0.385227 0.449973 156.268 9.58487e-322 0.385227 0.449973 156.268 0.309328 0 0.945852 0 0.964654 0 0.935499 0 
1 1 0 0.916 0.5 0 -5.33591e-322 0.385227 0.449973 156.268 -5.33591e-322 0.385227 0.449973 156.268 0.964654 0 0.945852 0 0.935499 0 0.309328 0 
1 1 0 0.926 0.5 0 -4.84184e-322 0.385227 0.449973 156.268 -4.84184e-322 0.385227 0.449973 156.268 0.964654 0 0.945852 0 0.935499 0 0.309328 0 
1 1 0 0.936 0.5 0 -5.58294e-322 0.385227 0.449973 156.268 -5.58294e-322 0.385227 0.449973 156.268 0.309328 0 0.945852 0 0.964654 0 0.935499 0 
1 1 0 0.946 0.5 0 -8.10268e-322 0.385227 0.449973 156.268 -8.10268e-322 0.385227 0.449973 156.268 0.309328 0 0.945852 0 0.964654 0 0.935499 0 
1 1 0 0.956 0.5 0 7.46039e-322 0.385227 0.449973 156.268 7.46039e-322 0.385227 0.449973 156.268 0.964654 0 0.945852 0 0.935499 0 0.309328 0 
1 1 0 0.966 0.5 0 8.34971e-322 0.385227 0.449973 156.268 8.34971e-322 0.385227 0.449973 156.268 0.964654 0 0.945852 0 0.935499 0 0.309328 0 
1 1 0 0.976 0.5 0 -9.23903e-322 0.385227 0.449973 156.268 -9.23903e-322 0.385227 0.449973 156.268 0.309328 0 0.945852 0 0.964654 0 0.935499 0 
1 1 0 0.986 0.5 0 7.80624e-322 0.385227 0.449973 156.268 7.80624e-322 0.385227 0.449973 156.268 0.964654 0 0.945852 0 0.935499 0 0.309328 0 
1 1 0 0.996 0.5 0 -1.0326e-321 0.385227 0.449973 156.268 -1.0326e-321 0.385227 0.449973 156.268 0.964654 0 0.945852 0 0.935499 0 0.309328 0 
1 1 0 1.006 0.5 0 5.73116e-322 0.385227 0.449973 156.268 5.73116e-322 0.385227 0.449973 156.268 0.964654 0 0.945852 0 0.935499 0 0.309328 0 
1 1 0 1.016 0.5 0 6.7687e-322 0.385227 0.449973 156.268 6.7687e-322 0.385227 0.449973 156.268 0.964654 0 0.945852 0 0.935499 0 0.309328 0 
1 1 0 1.026 0.5 0 9.98013e-322 0.385227 0.449973 156.268 9.98013e-322 0.385227 0.449973 156.268 0.964654 0 0.945852 0 0.935499 0 0.309328 0 
1 1 0 1.036 0.5 0 -4.15015e-322 0.385227 0.449973 156.268 -4.15015e-322 0.385227 0.449973 156.268 0.309328 0 0.945852 0 0.964654 0 0.935499 0 
1 1 0 1.046 0.5 0 -2.32211e-322 0.385227 0.449973 156.268 -2.32211e-322 0.385227 0.449973 156.268 0.964654 0 0.945852 0 0.935499 0 0.309328 0 
1 1 0 1.056 0.5 0 -6.42285e-323 0.385227 0.449973 156.268 -6.42285e-323 0.385227 0.449973 156.268 0.964654 0 0.945852 0 0.935499 0 0.309328 0 
1 1 0 1.066 0.5 0 1.28457e-322 0.385227 0.449973 156.268 1.28457e-322 0.385227 0.449973 156.268 0.309328 0 0.945852 0 0.964654 0 0.935499 0 
1 1 0 1.076 0.5 0 4.10074e-322 0.385227 0.449973 156.268 4.10074e-322 0.385227 0.449973 156.268 0.964654 0 0.945852 0 0.935499 0 0.309328 0 
1 1 0 1.086 0.5 0 8.84378e-322 0.385227 0.449973 156.268 8.84378e-322 0.385227 0.449973 156.268 0.964654 0 0.945852 0 0.935499 0 0.309328 0 
1 1 0 1.096 0.5 0 -3.65609e-322 0.385227 0.449973 156.268 -3.65609e-322 0.385227 0.449973 156.268 0.964654 0 0.945852 0 0.935499 0 0.309328 0 
1 1 0 1.106 0.5 0 3.95253e-323 0.385227 0.449973 156.268 3.95253e-323 0.385227 0.449973 156.268 0.964654 0 0.945852 0 0.935499 0 0.309328 0 
1 1 0 1.116 0.5 0 5.68175e-322 0.385227 0.449973 156.268 5.68175e-322 0.385227 0.449973 156.268 0.964654 0 0.945852 0 0.935499 0 0.309328 0 
1 1 0 1.126 0.5 0 -7.06514e-322 0.385227 0.449973 156.268 -7.06514e-322 0.385227 0.449973 156.268 0.964654 0 0.945852 0 0.935499 0 0.309328 0 
1 1 0 1.136 0.5 0 -4.24896e-322 0.385227 0.449973 156.268 -4.24896e-322 0.385227 0.449973 156.268 0.964654 0 0.945852 0 0.935499 0 0.309328 0 
1 1 0 1.146 0.5 0 -1.82804e-322 0.385227 0.449973 156.268 -1.82804e-322 0.385227 0.449973 156.268 0.309328 0 0.945852 0 0.964654 0 0.935499 0 
1 1 0 1.156 0.5 0 7.41098e-323 0.385227 0.449973 156.268 7.41098e-323 0.385227 0.449973 156.268 0.309328 0 0.945852 0 0.964654 0 0.935499 0 
1 1 0 1.166 0.5 0 4.24896e-322 0.385227 0.449973 156.268 4.24896e-322 0.385227 0.449973 156.268 0.964654 0 0.945852 0 0.935499 0 0.309328 0 
1 1 0 1.176 0.5 0 9.88131e-322 0.385227 0.449973 156.268 9.88131e-322 0.385227 0.449973 156.268 0.964654 0 0.945852 0 0.935499 0 0.309328 0 
1 1 0 1.186 0.5 0 -1.23516e-322 0.385227 0.449973 156.268 -1.23516e-322 0.385227 0.449973 156.268 0.964654 0 0.945852 0 0.935499 0 0.309328 0 
1 1 0 1.196 0.5 0 5.2371e-322 0.385227 0.449973 156.268 5.2371e-322 0.385227 0.449973 156.268 0.309328 0 0.945852 0 0.964654 0 0.935499 0 
1 1 0 1.206 0.5 0 -6.12641e-322 0.385227 0.449973 156.268 -6.12641e-322 0.385227 0.449973 156.268 0.309328 0 0.945852 0 0.964654 0 0.935499 0 
1 1 0 1.216 0.5 0 -1.33398e-322 0.385227 0.449973 156.268 -1.33398e-322 0.385227 0.449973 156.268 0.964654 0 0.945852 0 0.935499 0 0.309328 0 
1 1 0 1.226 0.5 0 4.44659e-322 0.385227 0.449973 156.268 4.44659e-322 0.385227 0.449973 156.268 0.309328 0 0.945852 0 0.964654 0 0.935499 0 
1 1 0 1.236 0.5 0 -7.95446e-322 0.385227 0.449973 156.268 -7.95446e-322 0.385227 0.449973 156.268 0.964654 0 0.945852 0 0.935499 0 0.309328 0 
1 1 0 1.246 0.5 0 -4.94066e-322 0.385227 0.449973 156.268 -4.94066e-322 0.385227 0.449973 156.268 0.964654 0 0.945852 0 0.935499 0 0.309328 0 
1 1 0 1.256 0.5 0 -2.47033e-322 0.385227 0.449973 156.268 -2.47033e-322 0.385227 0.449973 156.268 0.964654 0 0.945852 0 0.935499 0 0.309328 0 
1 1 0 1.266 0.5 0 0 0.385227 0.449973 156.268 0 0.385227 0.449973 156.268 0.964654 0 0.945852 0 0.935499 0 0.309328 0 
1 1 0 1.276 0.5 0 3.16202e-322 0.385227 0.449973 156.268 3.16202e-322 0.385227 0.449973 156.268 0.964654 0 0.945852 0 0.935499 0 0.309328 0 
1 1 0 1.286 0.5 0 8.10268e-322 0.385227 0.449973 156.268 8.10268e-322 0.385227 0.449973 156.268 0.309328 0 0.945852 0 0.964654 0 0.935499 0 
1 1 0 1.296 0.5 0 -4.39718e-322 0.385227 0.449973 156.268 -4.39718e-322 0.385227 0.449973 156.268 0.309328 0 0.945852 0 0.964654 0 0.935499 0 
1 1 0 1.306 0.5 0 -5.43472e-323 0.385227 0.449973 156.268 -5.43472e-323 0.385227 0.449973 156.268 0.964654 0 0.945852 0 0.935499 0 0.309328 0 
1 1 0 1.316 0.5 0 4.24896e-322 0.385227 0.449973 156.268 4.24896e-322 0.385227 0.449973 156.268 0.964654 0 0.945852 0 0.935499 0 0.309328 0 
1 1 0 1.326 0.5 0 -9.48606e-322 0.385227 0.449973 156.268 -9.48606e-322 0.385227 0.449973 156.268 0.964654 0 0.945852 0 0.935499 0 0.309328 0 
1 1 0 1.336 0.5 0 -8.59674e-322 0.385227 0.449973 156.268 -8.59674e-322 0.385227 0.449973 156.268 0.964654 0 0.945852 0 0.935499 0 0.309328 0 
1 1 0 1.346 0.5 0 -9.83191e-322 0.385227 0.449973 156.268 -9.83191e-322 0.385227 0.449973 156.268 0.309328 0 0.945852 0 0.964654 0 0.935499 0 
1 1 0 1.356 0.5 0 6.91692e-322 0.385227 0.449973 156.268 6.91692e-322 0.385227 0.449973 156.268 0.964654 0 0.945852 0 0.935499 0 0.309328 0 
1 1 0 1.366 0.5 0 9.23903e-322 0.385227 0.449973 156.268 9.23903e-322 0.385227 0.449973 156.268 0.309328 0 0.945852 0 0.964654 0 0.935499 0 
1 1 0 1.376 0.5 0 -6.27463e-322 0.385227 0.449973 156.268 -6.27463e-322 0.385227 0.449973 156.268 0.964654 0 0.945852 0 0.935499 0 0.309328 0 
1 1 0 1.386 0.5 0 -6.7687e-322 0.385227 0.449973 156.268 -6.7687e-322 0.385227 0.449973 156.268 0.964654 0 0.945852 0 0.935499 0 0.309328 0 
1 1 0 1.396 0.5 0 -9.28843e-322 0.385227 0.449973 156.268 -9.28843e-322 0.385227 0.449973 156.268 0.309328 0 0.945852 0 0.964654 0 0.935499 0 
1 1 0 1.406 0.5 0 5.97819e-322 0.385227 0.449973 156.268 5.97819e-322 0.385227 0.449973 156.268 0.964654 0 0.945852 0 0.935499 0 0.309328 0 
1 1 0 1.416 0.5 0 6.12641e-322 0.385227 0.449973 156.268 6.12641e-322 0.385227 0.449973 156.268 0.309328 0 0.945852 0 0.964654 0 0.935499 0 
1 1 0 1.426 0.5 0 8.05327e-322 0.385227 0.449973 156.268 8.05327e-322 0.385227 0.449973 156.268 0.964654 0 0.945852 0 0.935499 0 0.309328 0 
1 1 0 1.436 0.5 0 -8.3003e-322 0.385227 0.449973 156.268 -8.3003e-322 0.385227 0.449973 156.268 0.964654 0 0.945852 0 0.935499 0 0.309328 0 
1 1 0 1.446 0.5 0 -1.04742e-321 0.385227 0.449973 156.268 -1.04742e-321 0.385227 0.449973 156.268 0.964654 0 0.945852 0 0.935499 0 0.309328 0 
1 1 0 1.456 0.5 0 4.89125e-322 0.385227 0.449973 156.268 4.89125e-322 0.385227 0.449973 156.268 0.964654 0 0.945852 0 0.935499 0 0.309328 0 
1 1 0 1.466 0.5 0 4.84184e-322 0.385227 0.449973 156.268 4.84184e-322 0.385227 0.449973 156.268 0.964654 0 0.945852 0 0.935499 0 0.309328 0 
1 1 0 1.476 0.5 0 6.07701e-322 0.385227 0.449973 156.268 6.07701e-322 0.385227 0.449973 156.268 0.964654 0 0.945852 0 0.935499 0 0.309328 0 
1 1 0 1.486 0.5 0 9.33784e-322 0.385227 0.449973 156.268 9.33784e-322 0.385227 0.449973 156.268 0.964654 0 0.945852 0 0.935499 0 0.309328 0 
1 1 0 1.496 0.5 0 -4.94066e-322 0.385227 0.449973 156.268 -4.94066e-322 0.385227 0.449973 156.268 0.964654 0 0.945852 0 0.935499 0 0.309328 0 
1 1 0 1.506 0.5 0 -3.45846e-322 0.385227 0.449973 156.268 -3.45846e-322 0.385227 0.449973 156.268 0.964654 0 0.945852 0 0.935499 0 0.309328 0 
1 1 0 1.516 0.5 0 -2.51973e-322 0.385227 0.449973 156.268 -2.51973e-322 0.385227 0.449973 156.268 0.964654 0 0.945852 0 0.935499 0 0.309328 0 
1 1 0 1.526 0.5 0 -2.02567e-322 0.385227 0.449973 156.268 -2.02567e-322 0.385227 0.449973 156.268 0.964654 0 0.945852 0 0.935499 0 0.309328 0 
1 1 0 1.536 0.5 0 -1.97626e-322 0.385227 0.449973 156.268 -1.97626e-322 0.385227 0.449973 156.268 0.964654 0 0.945852 0 0.935499 0 0.309328 0 
1 1 0 1.546 0.5 0 -2.47033e-322 0.385227 0.449973 156.268 -2.47033e-322 0.385227 0.449973 156.268 0.964654 0 0.945852 0 0.935499 0 0.309328 0 
1 1 0 1.556 0.5 0 -3.7549e-322 0.385227 0.449973 156.268 -3.7549e-322 0.385227 0.449973 156.268 0.964654 0 0.945852 0 0.935499 0 0.309328 0 
1 1 0 1.566 0.5 0 -6.42285e-322 0.385227 0.449973 156.268 -6.42285e-322 0.385227 0.449973 156.268 0.309328 0 0.945852 0 0.964654 0 0.935499 0 
1 1 0 1.576 0.5 0 9.43665e-322 0.385227 0.449973 156.268 9.43665e-322 0.385227 0.449973 156.268 0.964654 0 0.945852 0 0.935499 0 0.309328 0 
1 1 0 1.586 0.5 0 -9.7825e-322 0.385227 0.449973 156.268 -9.7825e-322 0.385227 0.449973 156.268 0.964654 0 0.945852 0 0.935499 0 0.309328 0 
1 1 0 1.596 0.5 0 5.03947e-322 0.385227 0.449973 156.268 5.03947e-322 0.385227 0.449973 156.268 0.964654 0 0.945852 0 0.935499 0 0.309328 0 
1 1 0 1.606 0.5 0 4.34778e-322 0.385227 0.449973 156.268 4.34778e-322 0.385227 0.449973 156.268 0.964654 0 0.945852 0 0.935499 0 0.309328 0 
1 1 0 1.616 0.5 0 4.64422e-322 0.385227 0.449973 156.268 4.64422e-322 0.385227 0.449973 156.268 0.964654 0 0.945852 0 0.935499 0 0.309328 0 
1 1 0 1.626 0.5 0 6.32404e-322 0.385227 0.449973 156.268 6.32404e-322 0.385227 0.449973 156.268 0.964654 0 0.945852 0 0.935499 0 0.309328 0 
1 1 0 1.636 0.5 0 1.02272e-321 0.385227 0.449973 156.268 1.02272e-321 0.385227 0.449973 156.268 0.964654 0 0.945852 0 0.935499 0 0.309328 0 
1 1 0 1.646 0.5 0 -3.0138e-322 0.385227 0.449973 156.268 -3.0138e-322 0.385227 0.449973 156.268 0.309328 0 0.945852 0 0.964654 0 0.935499 0 
1 1 0 1.656 0.5 0 2.96439e-323 0.385227 0.449973 156.268 2.96439e-323 0.385227 0.449973 156.268 0.964654 0 0.945852 0 0.935499 0 0.309328 0 
1 1 0 1.666 0.5 0 4.59481e-322 0.385227 0.449973 156.268 4.59481e-322 0.385227 0.449973 156.268 0.964654 0 0.945852 0 0.935499 0 0.309328 0 
1 1 0 1.676 0.5 0 -9.68369e-322 0.385227 0.449973 156.268 -9.68369e-322 0.385227 0.449973 156.268 0.964654 0 0.945852 0 0.935499 0 0.309328 0 
1 1 0 1.686 0.5 0 -9.58487e-322 0.385227 0.449973 156.268 -9.58487e-322 0.385227 0.449973 156.268 0.309328 0 0.945852 0 0.964654 0 0.935499 0 
1 1 0 1.696 0.5 0 8.89318e-322 0.385227 0.449973 156.268 8.89318e-322 0.385227 0.449973 156.268 0.964654 0 0.945852 0 0.935499 0 0.309328 0 
1 1 0 1.706 0.5 0 -7.11455e-322 0.385227 0.449973 156.268 -7.11455e-322 0.385227 0.449973 156.268 0.964654 0 0.945852 0 0.935499 0 0.309328 0 
1 1 0 1.716 0.5 0 -8.49793e-322 0.385227 0.449973 156.268 -8.49793e-322 0.385227 0.449973 156.268 0.964654 0 0.945852 0 0.935499 0 0.309328 0 
1 1 0 1.726 0.5 0 8.44852e-322 0.385227 0.449973 156.268 8.44852e-322 0.385227 0.449973 156.268 0.964654 0 0.945852 0 0.935499 0 0.309328 0 
1 1 0 1.736 0.5 0 -9.63428e-322 0.385227 0.449973 156.268 -9.63428e-322 0.385227 0.449973 156.268 0.964654 0 0.945852 0 0.935499 0 0.309328 0 
1 1 0 1.746 0.5 0 6.66989e-322 0.385227 0.449973 156.268 6.66989e-322 0.385227 0.449973 156.268 0.309328 0 0.945852 0 0.964654 0 0.935499 0 
1 1 0 1.756 0.5 0 8.3003e-322 0.385227 0.449973 156.268 8.3003e-322 0.385227 0.449973 156.268 0.964654 0 0.945852 0 0.935499 0 0.309328 0 
1 1 0 1.766 0.5 0 -8.39912e-322 0.385227 0.449973 156.268 -8.39912e-322 0.385227 0.449973 156.268 0.309328 0 0.945852 0 0.964654 0 0.935499 0 
1 1 0 1.776 0.5 0 1.00295e-321 0.385227 0.449973 156.268 1.00295e-321 0.385227 0.449973 156.268 0.964654 0 0.945852 0 0.935499 0 0.309328 0 
1 1 0 1.786 0.5 0 -5.73116e-322 0.385227 0.449973 156.268 -5.73116e-322 0.385227 0.449973 156.268 0.964654 0 0.945852 0 0.935499 0 0.309328 0 
1 1 0 1.796 0.5 0 -6.42285e-322 0.385227 0.449973 156.268 -6.42285e-322 0.385227 0.449973 156.268 0.309328 0 0.945852 0 0.964654 0 0.935499 0 
1 1 0 1.806 0.5 0 -9.09081e-322 0.385227 0.449973 156.268 -9.09081e-322 0.385227 0.449973 156.268 0.964654 0 0.945852 0 0.935499 0 0.309328 0 
1 1 0 1.816 0.5 0 6.0276e-322 0.385227 0.449973 156.268 6.0276e-322 0.385227 0.449973 156.268 0.964654 0 0.945852 0 0.935499 0 0.309328 0 
1 1 0 1.826 0.5 0 5.97819e-322 0.385227 0.449973 156.268 5.97819e-322 0.385227 0.449973 156.268 0.964654 0 0.945852 0 0.935499 0 0.309328 0 
1 1 0 1.836 0.5 0 7.5592e-322 0.385227 0.449973 156.268 7.5592e-322 0.385227 0.449973 156.268 0.309328 0 0.945852 0 0.964654 0 0.935499 0 
1 1 0 1.846 0.5 0 -9.38725e-322 0.385227 0.449973 156.268 -9.38725e-322 0.385227 0.449973 156.268 0.964654 0 0.945852 0 0.935499 0 0.309328 0 
1 1 0 1.856 0.5 0 8.44852e-322 0.385227 0.449973 156.268 8.44852e-322 0.385227 0.449973 156.268 0.964654 0 0.945852 0 0.935499 0 0.309328 0 
1 1 0 1.866 0.5 0 -8.49793e-322 0.385227 0.449973 156.268 -8.49793e-322 0.385227 0.449973 156.268 0.964654 0 0.945852 0 0.935499 0 0.309328 0 
1 1 0 1.876 0.5 0 9.53547e-322 0.385227 0.449973 156.268 9.53547e-322 0.385227 0.449973 156.268 0.309328 0 0.945852 0 0.964654 0 0.935499 0 
1 1 0 1.886 0.5 0 -6.86751e-322 0.385227 0.449973 156.268 -6.86751e-322 0.385227 0.449973 156.268 0.964654 0 0.945852 0 0.935499 0 0.309328 0 
1 1 0 1.896 0.5 0 -8.69556e-322 0.385227 0.449973 156.268 -8.69556e-322 0.385227 0.449973 156.268 0.309328 0 0.945852 0 0.964654 0 0.935499 0 
1 1 0 1.906 0.5 0 7.60861e-322 0.385227 0.449973 156.268 7.60861e-322 0.385227 0.449973 156.268 0.964654 0 0.945852 0 0.935499 0 0.309328 0 
1 1 0 1.916 0.5 0 9.53547e-322 0.385227 0.449973 156.268 9.53547e-322 0.385227 0.449973 156.268 0.309328 0 0.945852 0 0.964654 0 0.935499 0 
1 1 0 1.926 0.5 0 -6.37345e-322 0.385227 0.449973 156.268 -6.37345e-322 0.385227 0.449973 156.268 0.964654 0 0.945852 0 0.935499 0 0.309328 0 
1 1 0 1.936 0.5 0 -7.46039e-322 0.385227 0.449973 156.268 -7.46039e-322 0.385227 0.449973 156.268 0.964654 0 0.945852 0 0.935499 0 0.309328 0 
1 1 0 1.946 0.5 0 1.01283e-321 0.385227 0.449973 156.268 1.01283e-321 0.385227 0.449973 156.268 0.309328 0 0.945852 0 0.964654 0 0.935499 0 
1 1 0 1.956 0.5 0 -6.66989e-322 0.385227 0.449973 156.268 -6.66989e-322 0.385227 0.449973 156.268 0.309328 0 0.945852 0 0.964654 0 0.935499 0 
1 1 0 1.966 0.5 0 -8.99199e-322 0.385227 0.449973 156.268 -8.99199e-322 0.385227 0.449973 156.268 0.309328 0 0.945852 0 0.964654 0 0.935499 0 
1 1 0 1.976 0.5 0 6.62048e-322 0.385227 0.449973 156.268 6.62048e-322 0.385227 0.449973 156.268 0.964654 0 0.945852 0 0.935499 0 0.309328 0 
1 1 0 1.986 0.5 0 7.36158e-322 0.385227 0.449973 156.268 7.36158e-322 0.385227 0.449973 156.268 0.964654 0 0.945852 0 0.935499 0 0.309328 0 
1 1 0 1.996 0.5 0 1.0326e-321 0.385227 0.449973 156.268 1.0326e-321 0.385227 0.449973 156.268 0.964654 0 0.945852 0 0.935499 0 0.309328 0 
1 1 0 2.006 0.5 0 -4.10074e-322 0.385227 0.449973 156.268 -4.10074e-322 0.385227 0.449973 156.268 0.964654 0 0.945852 0 0.935499 0 0.309328 0 
2 1 0 0.7 0.5 0 7.5098e-322 0.385227 0.449973 156.268 7.5098e-322 0.385227 0.449973 156.268 0.964654 0 0.945852 0 0.935499 0 0.309328 0 
1 1 0 0.696 0.5 0 -6.17582e-322 0.385227 0.449973 156.268 -6.17582e-322 0.385227 0.449973 156.268 0.964654 0 0.945852 0 0.935499 0 0.309328 0 
1 1 0 0.692 0.5 0 -6.12641e-322 0.385227 0.449973 156.268 -6.12641e-322 0.385227 0.449973 156.268 0.309328 0 0.945852 0 0.964654 0 0.935499 0 
1 1 0 0.684 0.5 0 -7.70742e-322 0.385227 0.449973 156.268 -7.70742e-322 0.385227 0.449973 156.268 0.964654 0 0.945852 0 0.935499 0 0.309328 0 
1 1 0 0.674 0.5 0 8.69556e-322 0.385227 0.449973 156.268 8.69556e-322 0.385227 0.449973 156.268 0.309328 0 0.945852 0 0.964654 0 0.935499 0 
1 1 0 0.664 0.5 0 -1.00295e-321 0.385227 0.449973 156.268 -1.00295e-321 0.385227 0.449973 156.268 0.964654 0 0.945852 0 0.935499 0 0.309328 0 
1 1 0 0.654 0.5 0 5.33591e-322 0.385227 0.449973 156.268 5.33591e-322 0.385227 0.449973 156.268 0.964654 0 0.945852 0 0.935499 0 0.309328 0 
1 1 0 0.644 0.5 0 5.43472e-322 0.385227 0.449973 156.268 5.43472e-322 0.385227 0.449973 156.268 0.964654 0 0.945852 0 0.935499 0 0.309328 0 
1 1 0 0.634 0.5 0 7.06514e-322 0.385227 0.449973 156.268 7.06514e-322 0.385227 0.449973 156.268 0.964654 0 0.945852 0 0.935499 0 0.309328 0 
1 1 0 0.624 0.5 0 -9.93072e-322 0.385227 0.449973 156.268 -9.93072e-322 0.385227 0.449973 156.268 0.964654 0 0.945852 0 0.935499 0 0.309328 0 
1 1 0 0.614 0.5 0 7.70742e-322 0.385227 0.449973 156.268 7.70742e-322 0.385227 0.449973 156.268 0.964654 0 0.945852 0 0.935499 0 0.309328 0 
1 1 0 0.604 0.5 0 -9.73309e-322 0.385227 0.449973 156.268 -9.73309e-322 0.385227 0.449973 156.268 0.964654 0 0.945852 0 0.935499 0 0.309328 0 
1 1 0 0.594 0.5 0 7.36158e-322 0.385227 0.449973 156.268 7.36158e-322 0.385227 0.449973 156.268 0.964654 0 0.945852 0 0.935499 0 0.309328 0 
1 1 0 0.584 0.5 0 1.02272e-321 0.385227 0.449973 156.268 1.02272e-321 0.385227 0.449973 156.268 0.964654 0 0.945852 0 0.935499 0 0.309328 0 
1 1 0 0.574 0.5 0 -4.34778e-322 0.385227 0.449973 156.268 -4.34778e-322 0.385227 0.449973 156.268 0.964654 0 0.945852 0 0.935499 0 0.309328 0 
1 1 0 0.564 0.5 0 -3.16202e-322 0.385227 0.449973 156.268 -3.16202e-322 0.385227 0.449973 156.268 0.964654 0 0.945852 0 0.935499 0 0.309328 0 
1 1 0 0.554 0.5 0 -2.51973e-322 0.385227 0.449973 156.268 -2.51973e-322 0.385227 0.449973 156.268 0.964654 0 0.945852 0 0.935499 0 0.309328 0 
1 1 0 0.544 0.5 0 -2.37152e-322 0.385227 0.449973 156.268 -2.37152e-322 0.385227 0.449973 156.268 0.964654 0 0.945852 0 0.935499 0 0.309328 0 
1 1 0 0.534 0.5 0 -2.81617e-322 0.385227 0.449973 156.268 -2.81617e-322 0.385227 0.449973 156.268 0.964654 0 0.945852 0 0.935499 0 0.309328 0 
1 1 0 0.524 0.5 0 -4.15015e-322 0.385227 0.449973 156.268 -4.15015e-322 0.385227 0.449973 156.268 0.309328 0 0.945852 0 0.964654 0 0.935499 0 
1 1 0 0.514 0.5 0 -7.06514e-322 0.385227 0.449973 156.268 -7.06514e-322 0.385227 0.449973 156.268 0.964654 0 0.945852 0 0.935499 0 0.309328 0 
1 1 0 0.504 0.5 0 8.3003e-322 0.385227 0.449973 156.268 8.3003e-322 0.385227 0.449973 156.268 0.964654 0 0.945852 0 0.935499 0 0.309328 0 
1 1 0 0.494 0.5 0 9.23903e-322 0.385227 0.449973 156.268 9.23903e-322 0.385227 0.449973 156.268 0.309328 0 0.945852 0 0.964654 0 0.935499 0 
1 1 0 0.484 0.5 0 -8.05327e-322 0.385227 0.449973 156.268 -8.05327e-322 0.385227 0.449973 156.268 0.964654 0 0.945852 0 0.935499 0 0.309328 0 
1 1 0 0.474 0.5 0 9.73309e-322 0.385227 0.449973 156.268 9.73309e-322 0.385227 0.449973 156.268 0.964654 0 0.945852 0 0.935499 0 0.309328 0 
1 1 0 0.464 0.5 0 -6.91692e-322 0.385227 0.449973 156.268 -6.91692e-322 0.385227 0.449973 156.268 0.964654 0 0.945852 0 0.935499 0 0.309328 0 
1 1 0 0.454 0.5 0 -9.0414e-322 0.385227 0.449973 156.268 -9.0414e-322 0.385227 0.449973 156.268 0.964654 0 0.945852 0 0.935499 0 0.309328 0 
1 1 0 0.444 0.5 0 6.7687e-322 0.385227 0.449973 156.268 6.7687e-322 0.385227 0.449973 156.268 0.964654 0 0.945852 0 0.935499 0 0.309328 0 
1 1 0 0.434 0.5 0 7.80624e-322 0.385227 0.449973 156.268 7.80624e-322 0.385227 0.449973 156.268 0.964654 0 0.945852 0 0.935499 0 0.309328 0 
1 1 0 0.424 0.5 0 -9.73309e-322 0.385227 0.449973 156.268 -9.73309e-322 0.385227 0.449973 156.268 0.964654 0 0.945852 0 0.935499 0 0.309328 0 
1 1 0 0.414 0.5 0 7.26276e-322 0.385227 0.449973 156.268 7.26276e-322 0.385227 0.449973 156.268 0.309328 0 0.945852 0 0.964654 0 0.935499 0 
1 1 0 0.404 0.5 0 9.98013e-322 0.385227 0.449973 156.268 9.98013e-322 0.385227 0.449973 156.268 0.964654 0 0.945852 0 0.935499 0 0.309328 0 
1 1 0 0.394 0.5 0 -4.84184e-322 0.385227 0.449973 156.268 -4.84184e-322 0.385227 0.449973 156.268 0.964654 0 0.945852 0 0.935499 0 0.309328 0 
1 1 0 0.384 0.5 0 -4.10074e-322 0.385227 0.449973 156.268 -4.10074e-322 0.385227 0.449973 156.268 0.964654 0 0.945852 0 0.935499 0 0.309328 0 
1 1 0 0.374 0.5 0 -4.29837e-322 0.385227 0.449973 156.268 -4.29837e-322 0.385227 0.449973 156.268 0.964654 0 0.945852 0 0.935499 0 0.309328 0 
1 1 0 0.364 0.5 0 -5.78057e-322 0.385227 0.449973 156.268 -5.78057e-322 0.385227 0.449973 156.268 0.964654 0 0.945852 0 0.935499 0 0.309328 0 
1 1 0 0.354 0.5 0 -9.28843e-322 0.385227 0.449973 156.268 -9.28843e-322 0.385227 0.449973 156.268 0.309328 0 0.945852 0 0.964654 0 0.935499 0 
1 1 0 0.344 0.5 0 4.69362e-322 0.385227 0.449973 156.268 4.69362e-322 0.385227 0.449973 156.268 0.309328 0 0.945852 0 0.964654 0 0.935499 0 
1 1 0 0.334 0.5 0 2.81617e-322 0.385227 0.449973 156.268 2.81617e-322 0.385227 0.449973 156.268 0.964654 0 0.945852 0 0.935499 0 0.309328 0 
1 1 0 0.324 0.5 0 1.23516e-322 0.385227 0.449973 156.268 1.23516e-322 0.385227 0.449973 156.268 0.964654 0 0.945852 0 0.935499 0 0.309328 0 
1 1 0 0.314 0.5 0 -4.94066e-323 0.385227 0.449973 156.268 -4.94066e-323 0.385227 0.449973 156.268 0.964654 0 0.945852 0 0.935499 0 0.309328 0 
1 1 0 0.304 0.5 0 -2.81617e-322 0.385227 0.449973 156.268 -2.81617e-322 0.385227 0.449973 156.268 0.964654 0 0.945852 0 0.935499 0 0.309328 0 
1 1 0 0.294 0.5 0 -6.57107e-322 0.385227 0.449973 156.268 -6.57107e-322 0.385227 0.449973 156.268 0.964654 0 0.945852 0 0.935499 0 0.309328 0 
1 1 0 0.284 0.5 0 7.85564e-322 0.385227 0.449973 156.268 7.85564e-322 0.385227 0.449973 156.268 0.309328 0 0.945852 0 0.964654 0 0.935499 0 
1 1 0 0.274 0.5 0 7.46039e-322 0.385227 0.449973 156.268 7.46039e-322 0.385227 0.449973 156.268 0.964654 0 0.945852 0 0.935499 0 0.309328 0 
1 1 0 0.264 0.5 0 9.0414e-322 0.385227 0.449973 156.268 9.0414e-322 0.385227 0.449973 156.268 0.964654 0 0.945852 0 0.935499 0 0.309328 0 
1 1 0 0.254 0.5 0 -7.46039e-322 0.385227 0.449973 156.268 -7.46039e-322 0.385227 0.449973 156.268 0.964654 0 0.945852 0 0.935499 0 0.309328 0 
1 1 0 0.244 0.5 0 -9.58487e-322 0.385227 0.449973 156.268 -9.58487e-322 0.385227 0.449973 156.268 0.309328 0 0.945852 0 0.964654 0 0.935499 0 
1 1 0 0.234 0.5 0 6.12641e-322 0.385227 0.449973 156.268 6.12641e-322 0.385227 0.449973 156.268 0.309328 0 0.945852 0 0.964654 0 0.935499 0 
1 1 0 0.224 0.5 0 6.86751e-322 0.385227 0.449973 156.268 6.86751e-322 0.385227 0.449973 156.268 0.964654 0 0.945852 0 0.935499 0 0.309328 0 
1 1 0 0.214 0.5 0 9.73309e-322 0.385227 0.449973 156.268 9.73309e-322 0.385227 0.449973 156.268 0.964654 0 0.945852 0 0.935499 0 0.309328 0 
1 1 0 0.204 0.5 0 -4.94066e-322 0.385227 0.449973 156.268 -4.94066e-322 0.385227 0.449973 156.268 0.964654 0 0.945852 0 0.935499 0 0.309328 0 
1 1 0 0.194 0.5 0 -4.00193e-322 0.385227 0.449973 156.268 -4.00193e-322 0.385227 0.449973 156.268 0.964654 0 0.945852 0 0.935499 0 0.309328 0 
1 1 0 0.184 0.5 0 -3.90312e-322 0.385227 0.449973 156.268 -3.90312e-322 0.385227 0.449973 156.268 0.964654 0 0.945852 0 0.935499 0 0.309328 0 
1 1 0 0.174 0.5 0 -4.79244e-322 0.385227 0.449973 156.268 -4.79244e-322 0.385227 0.449973 156.268 0.964654 0 0.945852 0 0.935499 0 0.309328 0 
1 1 0 0.164 0.5 0 -7.26276e-322 0.385227 0.449973 156.268 -7.26276e-322 0.385227 0.449973 156.268 0.309328 0 0.945852 0 0.964654 0 0.935499 0 
1 1 0 0.154 0.5 0 8.64615e-322 0.385227 0.449973 156.268 8.64615e-322 0.385227 0.449973 156.268 0.964654 0 0.945852 0 0.935499 0 0.309328 0 
1 1 0 0.144 0.5 0 1.0326e-321 0.385227 0.449973 156.268 1.0326e-321 0.385227 0.449973 156.268 0.964654 0 0.945852 0 0.935499 0 0.309328 0 
1 1 0 0.134 0.5 0 -5.68175e-322 0.385227 0.449973 156.268 -5.68175e-322 0.385227 0.449973 156.268 0.964654 0 0.945852 0 0.935499 0 0.309328 0 
1 1 0 0.124 0.5 0 -6.71929e-322 0.385227 0.449973 156.268 -6.71929e-322 0.385227 0.449973 156.268 0.309328 0 0.945852 0 0.964654 0 0.935499 0 
1 1 0 0.114 0.5 0 -9.88131e-322 0.385227 0.449973 156.268 -9.88131e-322 0.385227 0.449973 156.268 0.964654 0 0.945852 0 0.935499 0 0.309328 0 
1 1 0 0.104 0.5 0 4.39718e-322 0.385227 0.449973 156.268 4.39718e-322 0.385227 0.449973 156.268 0.309328 0 0.945852 0 0.964654 0 0.935499 0 
1 1 0 0.0939999 0.5 0 2.81617e-322 0.385227 0.449973 156.268 2.81617e-322 0.385227 0.449973 156.268 0.964654 0 0.945852 0 0.935499 0 0.309328 0 
1 1 0 0.0839999 0.5 0 1.58101e-322 0.385227 0.449973 156.268 1.58101e-322 0.385227 0.449973 156.268 0.309328 0 0.945852 0 0.964654 0 0.935499 0 
1 1 0 0.0739999 0.5 0 4.94066e-323 0.385227 0.449973 156.268 4.94066e-323 0.385227 0.449973 156.268 0.964654 0 0.945852 0 0.935499 0 0.309328 0 
1 1 0 0.0639999 0.5 0 -7.41098e-323 0.385227 0.449973 156.268 -7.41098e-323 0.385227 0.449973 156.268 0.309328 0 0.945852 0 0.964654 0 0.935499 0 
1 1 0 0.0539999 0.5 0 -2.51973e-322 0.385227 0.449973 156.268 -2.51973e-322 0.385227 0.449973 156.268 0.964654 0 0.945852 0 0.935499 0 0.309328 0 
1 1 0 0.0439999 0.5 0 -5.53354e-322 0.385227 0.449973 156.268 -5.53354e-322 0.385227 0.449973 156.268 0.309328 0 0.945852 0 0.964654 0 0.935499 0 
1 1 0 0.0339999 0.5 0 1.01283e-321 0.385227 0.449973 156.268 1.01283e-321 0.385227 0.449973 156.268 0.309328 0 0.945852 0 0.964654 0 0.935499 0 
1 1 0 0.0239999 0.5 0 -9.14021e-322 0.385227 0.449973 156.268 -9.14021e-322 0.385227 0.449973 156.268 0.964654 0 0.945852 0 0.935499 0 0.309328 0 
1 1 0 0.0139999 0.5 0 5.78057e-322 0.385227 0.449973 156.268 5.78057e-322 0.385227 0.449973 156.268 0.964654 0 0.945852 0 0.935499 0 0.309328 0 
1 1 0 0.00399993 0.5 0 5.43472e-322 0.385227 0.449973 156.268 5.43472e-322 0.385227 0.449973 156.268 0.964654 0 0.945852 0 0.935499 0 0.309328 0 
1 1 0 -0.00600007 0.5 0 6.52167e-322 0.385227 0.449973 156.268 6.52167e-322 0.385227 0.449973 156.268 0.964654 0 0.945852 0 0.935499 0 0.309328 0 
