2 1 0 0 0.5 0 0 0 0.25 0 0 0 0.25 0 0 0 0 0 0 0 0 0 
1 1 0 0.04 0.5 0 0 0 0.25 0 0 0 0.25 0 0.951229 0 0.95361 0 0.232236 0 0.959189 0 
1 1 0 0.08 0.5 0 0 0 0.25 0 0 0 0.25 0 0.951229 0 0.95361 0 0.241714 0 0.959189 0 
1 1 0 0.16 0.5 0 0 0 0.25 0 0 0 0.25 0 0.951229 0 0.95361 0 0.261846 0 0.959189 0 
1 1 0 0.32 0.5 0 0 0 0.25 0 0 0 0.25 0 0.951229 0 0.95361 0 0.307279 0 0.959189 0 
1 1 0 0.64 0.5 0 0 0 0.25 0 0 0 0.25 0 0.951229 0 0.95361 0 0.423162 0 0.959189 0 
1 1 0 1.14 0.5 0 0 0 0.25 0 0 0 0.25 0 0.951229 0 0.95361 0 0.697676 0 0.959189 0 
1 1 0 1.5 0.5 0 0 0 0.25 0 0 0 0.25 0 0.951229 0 0.95361 0 1 0 0.959189 0 
2 1 0 2 0.5 0 0 0 0.25 0 0 0 0.25 0 0.951229 0 0.95361 0 1.64872 0 0.959189 0 
2 2 0 1.5 0.5 0 0 0 0.25 0 0 0 0.25 0 0.951229 0 0.95361 0 1.64872 0 0.959189 0 
2 2 0 1.49833 0.5 0 0.0199996 0.000128687 0.250039 -1.33561e-32 0.0199996 0.000128687 0.250039 -1.33561e-32 0.951229 0 0.95361 0 1.64872 0 0.959189 0 
2 2 0 1.49667 0.5 0 0.0399299 0.000256845 0.250077 -1.70902e-27 0.0399299 0.000256845 0.250077 -1.70902e-27 1.00334 0 0.953576 0 0.951406 0 0.959189 0 
2 2 0 1.49418 0.5 0 0.0698261 0.000448929 0.250135 6.75924e-25 0.0698261 0.000448929 0.250135 6.75924e-25 1.00584 0 0.95353 0 0.951545 0 0.959189 0 
2 2 0 1.48924 0.5 0 0.129621 0.00083255 0.250249 1.03242e-28 0.129621 0.00083255 0.250249 1.03242e-28 1.01083 0 0.953378 0 0.951858 0 0.959189 0 
2 2 0 1.48189 0.5 20974.3 0.219319 0.00140662 0.250421 7.37154e-29 0.219319 0.00140662 0.250421 7.37154e-29 1.01828 0 0.952713 0.0002854 0.952713 -0.0002854 0.959189 0 
2 2 0 1.47103 0.5 5577.78 0.353878 0.00226467 0.250677 1.16612e-27 0.353878 0.00226467 0.250677 1.16612e-27 1.0293 0 0.952817 0.00107332 0.952817 -0.00107332 0.959189 0 
2 2 0 1.45506 0.5 3533.59 0.555743 0.00354493 0.251057 1.6068e-27 0.555743 0.00354493 0.251057 1.6068e-27 1.04549 0 0.95292 0.00169442 0.95292 -0.00169442 0.959189 0 
2 2 0 1.43184 0.5 2536.08 0.858598 0.00545019 0.25162 -1.2666e-26 0.858598 0.00545019 0.25162 -1.2666e-26 1.06885 0 0.953012 0.00236111 0.953012 -0.00236111 0.959189 0 
2 2 0 1.39855 0.5 1921.44 1.313 0.00827462 0.252447 6.75424e-26 1.313 0.00827462 0.252447 6.75424e-26 1.10177 0 0.953085 0.00311663 0.953085 -0.00311663 0.959189 0 
2 2 0 1.36401 0.5 1587.78 1.81179 0.011329 0.253333 -2.52177e-26 1.81179 0.011329 0.253333 -2.52177e-26 1.13499 0 0.953125 0.00377174 0.953125 -0.00377174 0.959189 0 
2 2 0 1.33266 0.5 1393.57 2.2907 0.0142176 0.254162 -2.06763e-25 2.2907 0.0142176 0.254162 -2.06763e-25 1.16416 0 0.953145 0.00429746 0.953145 -0.00429746 0.959189 0 
2 2 0 1.31529 0.5 90.6183 2.53421 0.0142542 0.307731 0.00558662 2.53421 0.0142542 0.307731 0.00558662 0.663208 0 1.20688 0 1.12638 0.0782252 1.12638 -0.0782252 
2 2 0 1.30691 0.5 90.6183 2.65136 0.0142727 0.349567 0.0144527 2.65136 0.0142727 0.349567 0.0144527 0.697889 0 1.21879 0 1.17414 0 1.02343 0 
2 2 0 1.30617 0.5 90.6183 2.6599 0.0142821 0.361909 0.018735 2.6599 0.0142821 0.361909 0.018735 0.707384 0 1.22021 0 1.18171 0 1.00144 0 
2 2 0 1.30617 0.5 90.6183 2.65976 0.0142829 0.362831 0.0191046 2.65976 0.0142829 0.362831 0.0191046 0.708077 0 1.22027 0 1.1821 0 0.999999 0 
2 2 0 1.30636 0.5 90.6183 2.65555 0.0142887 0.368859 0.021731 2.65555 0.0142887 0.368859 0.021731 0.712551 0 1.22053 0 1.18412 0 0.991154 0 
2 2 0 1.30676 0.5 90.6183 2.64846 0.0142936 0.373193 0.0238786 2.64846 0.0142936 0.373193 0.0238786 0.715702 0 1.22058 0 1.18503 0 0.985335 0 
2 2 0 1.30727 0.5 90.6183 2.63988 0.0142978 0.376658 0.0257802 2.63988 0.0142978 0.376658 0.0257802 0.718178 0 1.22054 0 1.18545 0 0.980978 0 
2 2 0 1.30787 0.5 90.6183 2.6301 0.0143019 0.379645 0.0275717 2.6301 0.0143019 0.379645 0.0275717 0.72028 0 1.22045 0 1.18558 0 0.977417 0 
2 2 0 1.30855 0.5 90.6183 2.61915 0.0143059 0.382335 0.0293221 2.61915 0.0143059 0.382335 0.0293221 0.722148 0 1.22034 0 1.18549 0 0.974356 0 
2 2 0 1.3096 0.5 90.6183 2.60251 0.0143113 0.385639 0.0316745 2.60251 0.0143113 0.385639 0.0316745 0.724406 0 1.22016 0 1.18512 0 0.970778 0 
2 2 0 1.3112 0.5 90.6183 2.57732 0.0143185 0.389582 0.0348204 2.57732 0.0143185 0.389582 0.0348204 0.727047 0 1.21989 0 1.18424 0 0.966761 0 
2 2 0 1.31364 0.5 90.6183 2.5393 0.0143282 0.394153 0.0390293 2.5393 0.0143282 0.394153 0.0390293 0.730031 0 1.21952 0 1.18255 0 0.962431 0 
2 2 0 1.31737 0.5 90.6183 2.48202 0.0143413 0.399307 0.0446905 2.48202 0.0143413 0.399307 0.0446905 0.733288 0 1.21905 0 1.1796 0 0.957955 0 
2 2 0 1.32305 0.5 90.6183 2.39588 0.0143591 0.404947 0.0523772 2.39588 0.0143591 0.404947 0.0523772 0.736713 0 1.21846 0 1.17475 0 0.953534 0 
2 2 0 1.33171 0.5 90.6183 2.26644 0.0143838 0.410918 0.0629447 2.26644 0.0143838 0.410918 0.0629447 0.740166 0 1.21774 0 1.16704 0 0.949382 0 
2 2 0 1.34498 0.5 90.6183 2.07211 0.0144184 0.41701 0.077683 2.07211 0.0144184 0.41701 0.077683 0.743491 0 1.21689 0 1.155 0 0.945699 0 
2 2 0 1.36548 0.5 90.6183 1.78049 0.0144676 0.422971 0.0985505 1.78049 0.0144676 0.422971 0.0985505 1.21588 0 0.746534 0 1.13618 0 0.942632 0 
2 2 0 1.39753 0.5 90.6183 1.34299 0.0145383 0.428539 0.128529 1.34299 0.0145383 0.428539 0.128529 1.21471 0 0.749174 0 1.10629 0 0.940249 0 
2 2 0 1.43599 0.5 90.6183 0.845593 0.0146168 0.432519 0.161688 0.845593 0.0146168 0.432519 0.161688 1.06963 0 1.2137 0 0.750931 0 0.93883 0 
2 2 0 1.47675 0.5 90.6183 0.348335 0.0146941 0.435218 0.194333 0.348335 0.0146941 0.435218 0.194333 1.2129 0 0.752052 0 1.02984 0 0.938004 0 
2 2 0 1.50679 0.5 90.6183 -1.46469e-06 0.0147479 0.43665 0.217022 -1.46469e-06 0.0147479 0.43665 0.217022 1 0 1.21244 0 0.752618 0 0.937607 0 
2 2 0 1.55193 0.5 90.6183 -0.496915 0.0148242 0.438263 0.249219 -0.496915 0.0148242 0.438263 0.249219 1.21186 0 0.753216 0 0.954526 0 0.937158 0 
2 2 0 1.59997 0.5 90.6183 -0.993567 0.0149002 0.439523 0.28126 -0.993567 0.0149002 0.439523 0.28126 1.21138 0 0.753622 0 0.905399 0 0.93697 0 
2 2 0 1.6512 0.5 90.6183 -1.48991 0.0149759 0.440535 0.313185 -1.48991 0.0149759 0.440535 0.313185 1.21095 0 0.753813 0 0.852913 0 0.936735 0 
2 2 0 1.70593 0.5 90.6183 -1.98588 0.0150514 0.441366 0.345015 -1.98588 0.0150514 0.441366 0.345015 1.21058 0 0.753368 0 0.79743 0 0.936567 0 
2 2 0 1.76453 0.5 90.6183 -2.48142 0.0151268 0.442061 0.376765 -2.48142 0.0151268 0.442061 0.376765 1.21025 0 0.757724 0 0.733691 0 0.936437 0 
2 2 0 1.8274 0.5 90.6183 -2.97644 0.0152019 0.442652 0.40844 -2.97644 0.0152019 0.442652 0.40844 1.20995 0 0.672943 0 0.755935 0 0.936333 0 
2 2 0 1.89503 0.5 90.6183 -3.47084 0.0152769 0.443159 0.440044 -3.47084 0.0152769 0.443159 0.440044 0.607821 0 1.20968 0 0.755822 0 0.936248 0 
2 2 0 1.96794 0.5 90.6183 -3.96449 0.0153518 0.4436 0.471575 -3.96449 0.0153518 0.4436 0.471575 0.540483 0 1.20943 0 0.755873 0 0.936178 0 
2 2 0 2.04676 0.5 90.6183 -4.45723 0.0154264 0.443987 0.503028 -4.45723 0.0154264 0.443987 0.503028 0.471922 0 1.2092 0 0.755962 0 0.936119 0 
2 2 0 1.5 0.5 90.6183 0 0 0.25 0 0 0 0.25 0 0.471922 0 1.2092 0 0.755962 0 0.936119 0 
2 2 0 1.50168 0.5 90.6183 -0.0199996 -0.000128771 0.249961 -8.62908e-33 -0.0199996 -0.000128771 0.249961 -8.62908e-33 0.471922 0 1.2092 0 0.755962 0 0.936119 0 
1 2 0 1.50335 0.5 90.6183 -0.0399289 -0.000257174 0.249923 6.18734e-28 -0.0399289 -0.000257174 0.249923 6.18734e-28 0.996659 0 0.953617 0 0.951056 0 0.959189 0 
1 2 0 1.50587 0.5 90.6183 -0.0698221 -0.000449931 0.249865 -5.72755e-25 -0.0698221 -0.000449931 0.249865 -5.72755e-25 0.994162 0 0.953604 0 0.950926 0 0.959189 0 
1 2 0 1.51094 0.5 90.6183 -0.129606 -0.000835998 0.249749 3.80956e-29 -0.129606 -0.000835998 0.249749 3.80956e-29 0.989193 0 0.953527 0 0.950652 0 0.959189 0 
1 2 0 1.51862 0.5 90.6183 -0.219276 -0.00141648 0.249574 -4.38934e-28 -0.219276 -0.00141648 0.249574 -4.38934e-28 0.981883 0 0.953259 0 0.950154 0 0.959189 0 
1 2 0 1.5303 0.5 90.6183 -0.353767 -0.00229035 0.24931 -1.0175e-28 -0.353767 -0.00229035 0.24931 -1.0175e-28 0.971798 0 0.948729 0 0.95244 0 0.959189 0 
1 2 0 1.5482 0.5 90.6183 -0.555469 -0.00360825 0.248911 -8.21439e-27 -0.555469 -0.00360825 0.248911 -8.21439e-27 0.940596 0 0.962275 0 0.95111 0 0.959189 0 
1 2 0 1.57595 0.5 90.6183 -0.857942 -0.00560131 0.248303 -1.07109e-26 -0.857942 -0.00560131 0.248303 -1.07109e-26 0.915069 0 0.959128 0 0.950193 0 0.959189 0 
1 2 0 1.61973 0.5 90.6183 -1.31145 -0.008628 0.247372 -6.125e-27 -1.31145 -0.008628 0.247372 -6.125e-27 0.869327 0 0.958771 0 0.949389 0 0.959189 0 
1 2 0 1.67099 0.5 90.6183 -1.8088 -0.012002 0.246322 3.08683e-25 -1.8088 -0.012002 0.246322 3.08683e-25 0.814754 0 0.95911 0 0.948706 0 0.959189 0 
1 2 0 1.72595 0.5 90.6183 -2.30576 -0.0154323 0.245241 7.04529e-26 -2.30576 -0.0154323 0.245241 7.04529e-26 0.756457 0 0.959589 0 0.948113 0 0.959189 0 
1 2 0 1.78501 0.5 90.6183 -2.80224 -0.0189207 0.244128 -5.33279e-26 -2.80224 -0.0189207 0.244128 -5.33279e-26 0.694814 0 0.960105 0 0.947574 0 0.959189 0 
1 2 0 1.84862 0.5 90.6183 -3.29817 -0.0224685 0.242982 2.80331e-25 -3.29817 -0.0224685 0.242982 2.80331e-25 0.63026 0 0.96063 0 0.947072 0 0.959189 0 
1 2 0 1.91731 0.5 90.6183 -3.79341 -0.0260773 0.2418 -4.90795e-25 -3.79341 -0.0260773 0.2418 -4.90795e-25 0.563386 0 0.961159 0 0.946596 0 0.959189 0 
1 2 0 1.99165 0.5 90.6183 -4.28784 -0.0297485 0.24058 1.41139e-25 -4.28784 -0.0297485 0.24058 1.41139e-25 0.494991 0 0.96169 0 0.94614 0 0.959189 0 
1 2 0 2.07234 0.5 90.6183 -4.78127 -0.0334833 0.239322 2.58948e-25 -4.78127 -0.0334833 0.239322 2.58948e-25 0.426104 0 0.962222 0 0.945701 0 0.959189 0 
2 3 0 1.50679 0.5 90.6183 -1.46469e-06 0.0147479 0.43665 0.217022 -1.46469e-06 0.0147479 0.43665 0.217022 0.426104 0 0.962222 0 0.945701 0 0.959189 0 
1 3 0 1.52686 0.5 90.6183 4.20055e-17 0.0147479 0.43665 0.217022 4.20055e-17 0.0147479 0.43665 0.217022 0.426104 0 0.962222 0 0.945701 0 0.959189 0 
2 3 0 1.54686 0.5 90.6183 1.02207e-14 0.0147479 0.43665 0.217022 1.02207e-14 0.0147479 0.43665 0.217022 1.04089 0 1.21244 0 0.752618 0 0.937607 0 
2 3 0 1.57686 0.5 90.6183 2.92895e-25 0.0147479 0.43665 0.217022 2.92895e-25 0.0147479 0.43665 0.217022 1.07259 0 1.21244 0 0.752618 0 0.937607 0 
2 3 0 1.63686 0.5 90.6183 2.39814e-28 0.0147479 0.43665 0.217022 2.39814e-28 0.0147479 0.43665 0.217022 1.13892 0 1.21244 0 0.752618 0 0.937607 0 
2 3 0 1.75686 0.5 90.6183 -9.18355e-40 0.0147479 0.43665 0.217022 -9.18355e-40 0.0147479 0.43665 0.217022 1.28412 0 1.21244 0 0.752618 0 0.937607 0 
2 3 0 1.99686 0.5 90.6183 0 0.0147479 0.43665 0.217022 0 0.0147479 0.43665 0.217022 1.21244 0 0.752618 0 0.937607 0 1.63244 0 
2 3 0 2.47686 0.5 90.6183 3.26265e-55 0.0147479 0.43665 0.217022 3.26265e-55 0.0147479 0.43665 0.217022 2.63815 0 1.21244 0 0.752618 0 0.937607 0 
2 3 0 1.50679 0.5 90.6183 -1.46469e-06 0.0147479 0.43665 0.217022 -1.46469e-06 0.0147479 0.43665 0.217022 2.63815 0 1.21244 0 0.752618 0 0.937607 0 
2 3 0 1.48671 0.5 90.6183 6.71444e-17 0.0147479 0.43665 0.217022 6.71444e-17 0.0147479 0.43665 0.217022 2.63815 0 1.21244 0 0.752618 0 0.937607 0 
2 3 0 1.46671 0.5 90.6183 1.02548e-14 0.0147479 0.43665 0.217022 1.02548e-14 0.0147479 0.43665 0.217022 0.960716 0 1.21244 0 0.752618 0 0.937607 0 
2 3 0 1.43671 0.5 90.6183 2.9581e-25 0.0147479 0.43665 0.217022 2.9581e-25 0.0147479 0.43665 0.217022 0.932322 0 1.21244 0 0.752618 0 0.937607 0 
2 3 0 1.37671 0.5 90.6183 -3.25011e-28 0.0147479 0.43665 0.217022 -3.25011e-28 0.0147479 0.43665 0.217022 0.878028 0 1.21244 0 0.752618 0 0.937607 0 
2 3 0 1.25671 0.5 90.6183 -4.59177e-40 0.0147479 0.43665 0.217022 -4.59177e-40 0.0147479 0.43665 0.217022 0.778741 0 1.21244 0 0.752618 0 0.937607 0 
2 3 0 1.01671 0.5 90.6183 -8.96831e-44 0.0147479 0.43665 0.217022 -8.96831e-44 0.0147479 0.43665 0.217022 0.612579 0 1.21244 0 0.752618 0 0.937607 0 
2 3 0 0.53671 0.5 90.6183 -1.63133e-55 0.0147479 0.43665 0.217022 -1.63133e-55 0.0147479 0.43665 0.217022 0.379054 0 1.21244 0 0.752618 0 0.937607 0 
2 3 0 0.0367104 0.5 90.6183 1.99136e-59 0.0147479 0.43665 0.217022 1.99136e-59 0.0147479 0.43665 0.217022 0.229908 0 1.21244 0 0.752618 0 0.937607 0 
2 3 0 -0.46329 0.5 90.6183 0 0.0147479 0.43665 0.217022 0 0.0147479 0.43665 0.217022 1.21244 0 0.752618 0 0.937607 0 0.139446 0 
